
state={
	id=130
	name="STATE_130"

	history={
		owner = RIS
		add_core_of = RIS

	}

	provinces={
		2 79 182 373 462 942 1065 1324 1857 2094 2168 2409 2540 2551 2583 2846 2848 2897 2901 3001 3030 3038 3365 3422 3625 3642 3691 4234 4412 4807 4963 5068 5607 5691 5706 6069 6274 6392 6567 6591 6620 6673 6839 6875 7010 7070 7179 7295 7335 7427 7462 7663 7686 7787 8364 8533 8740 8780 8795 9364 9612 9870 10095 10320 10334 10550 10879 13694 13754 13760 13792 13817 13827 13852 13880 13911 13912 13928 13959 13960 13980 14010 14067 14116 14198 14219 14227 14265 14289 16886 
	}
	manpower=1604678
	buildings_max_level_factor=1.000
	state_category=town
}
