
state={
	id=617
	name="STATE_617"

	history={
		owner = MON
		add_core_of = MON

	}

	provinces={
		66 218 262 363 508 566 640 662 843 950 1033 1176 1195 1273 1283 1620 1670 1926 2007 2031 2101 2175 2381 2411 2499 2509 2535 2594 2733 2783 2963 2986 3014 3039 3120 3172 3313 3330 3331 3411 3482 3658 3772 3908 3963 4025 4073 4182 4320 4371 4499 4535 4586 4623 4647 4787 4826 4971 5047 5110 5281 5402 5495 5878 5905 5973 6192 6211 6452 6497 6512 6901 6991 7140 7292 7519 7534 7679 7899 7916 8365 8430 8469 8514 9476 9735 9761 9775 9807 9848 10006 10117 10263 10444 10575 10587 10722 10767 10873 14970 15061 15154 15198 15220 15241 15243 15261 15270 15301 15362 15440 15476 15663 15706 15719 15742 15782 15809 15954 
	}
	manpower=0
	buildings_max_level_factor=1.000
}
