
state={
	id=686
	name="STATE_686"
	provinces={
		36 452 568 610 819 1223 1226 1396 1541 1694 1754 2096 2205 2298 2465 2794 2966 3017 3063 3094 3109 3545 3597 3620 4026 4328 4928 4929 5078 5116 5126 5579 6062 6129 6200 6252 7327 7530 7864 7911 8230 8379 8425 8534 9029 9480 9920 10169 10397 10600 10628 12633 12759 12814 12854 12913 12931 13090 13099 13140 13190 13237 13343 13370 13410 13459 13531 13620 13690 13767 
	}
	manpower=36782
	buildings_max_level_factor=1.000
	history={	
	
	owner = LYA
	add_core_of = LYA
	}
}
